4 4 4 4 4 4 4 4 4 4 4 4 4 4 4 4 4 4 4 4 4 4 4 4 4 4 4 4 4 4 4 4 4 4 4 4 4 4 4 4 4 4 4 4 4 4 4 4 4 4 4 4 4 4 4 4 4 4 4 4 4 4 4 4 4 4 4 4 4 4 
4 4 4 4 4 4 4 4 4 4 4 4 4 4 4 4 4 4 48 48 4 4 4 4 4 4 4 4 4 4 4 4 4 4 4 4 4 4 4 4 4 4 4 4 4 4 4 4 4 4 4 4 4 4 4 4 4 4 4 4 4 4 4 4 4 4 4 4 4 4 
4 4 4 4 4 4 4 4 4 4 4 4 4 4 4 4 4 4 48 48 4 4 4 4 4 4 4 4 4 4 4 4 4 4 4 4 4 4 4 4 4 4 4 4 4 4 4 4 4 4 4 4 4 4 4 4 4 4 4 4 4 4 4 4 4 4 4 4 4 4 
4 4 4 4 4 4 4 4 4 4 4 4 4 4 4 4 4 4 48 48 4 4 4 4 4 4 4 4 4 4 4 4 4 4 4 4 4 4 4 4 4 4 4 43 64 41 4 4 4 4 4 4 4 4 4 4 4 4 43 64 41 4 4 4 4 4 4 4 4 4 
4 4 4 4 4 4 4 4 4 4 4 4 4 4 43 64 41 4 4 4 4 4 4 4 4 4 4 4 4 4 4 4 4 4 4 4 4 4 4 4 4 4 43 66 48 63 64 65 64 65 64 65 64 65 64 65 64 65 66 48 44 3 3 4 4 4 4 4 4 4 
4 4 4 4 4 4 4 43 64 65 64 65 64 65 66 48 63 65 64 65 64 65 64 4 4 4 4 4 4 4 4 4 4 4 4 4 4 4 4 4 4 4 47 48 48 48 48 48 48 48 48 48 48 48 48 48 48 48 48 48 44 3 3 46 46 46 4 4 4 4 
4 4 4 4 4 4 4 62 48 48 48 48 48 48 48 48 48 48 48 48 48 48 48 4 4 4 4 4 4 4 4 4 4 4 4 4 4 4 4 4 4 4 47 48 25 26 27 26 27 26 27 26 27 26 27 26 27 26 27 26 22 3 3 46 46 4 4 4 4 4 
4 4 4 4 4 4 4 62 48 48 48 48 48 48 48 48 48 48 48 48 48 48 48 4 4 4 4 4 4 4 4 4 4 4 4 4 4 4 4 4 4 4 47 48 44 4 4 4 4 4 4 4 4 4 4 4 4 4 4 4 4 4 4 4 4 4 4 4 4 4 
4 4 4 4 4 4 4 62 48 48 25 26 27 26 27 26 27 26 27 26 27 26 27 4 4 4 4 4 4 4 4 4 4 4 4 4 4 4 4 4 4 4 47 48 44 4 4 4 4 4 4 4 4 0 0 0 0 0 0 4 4 4 4 4 4 4 4 4 4 4 
4 4 4 4 4 4 4 62 48 48 44 4 4 4 4 4 4 4 4 4 4 4 4 4 4 4 4 4 4 4 4 4 4 4 4 4 4 4 4 4 4 4 47 48 44 4 4 4 4 4 4 0 0 0 0 0 0 0 0 0 4 4 4 4 4 4 4 4 4 4 
4 4 4 4 4 4 4 47 48 48 44 4 4 4 4 4 4 4 4 4 4 4 4 4 4 4 4 4 4 4 4 4 4 4 4 4 4 4 4 4 4 4 47 48 44 4 4 4 4 4 0 0 0 0 0 0 0 0 0 0 0 0 4 4 4 4 4 4 4 4 
4 4 4 4 4 4 4 47 48 48 44 4 4 4 4 4 4 4 4 4 4 4 4 4 4 4 4 4 4 4 43 64 41 4 4 4 4 4 4 4 4 4 47 48 44 4 4 4 4 0 0 0 0 0 0 0 0 0 0 0 0 0 0 4 4 4 4 4 4 4 
4 4 4 4 4 4 4 47 48 48 44 4 4 4 4 4 4 4 4 4 4 4 4 4 4 4 4 43 64 65 66 48 63 65 64 65 64 65 64 65 64 65 66 48 44 4 4 4 0 0 0 0 0 0 0 0 0 0 0 0 0 0 0 0 0 0 0 0 0 0 
4 4 4 4 4 4 4 47 48 48 44 4 4 43 64 41 4 4 4 4 4 4 4 4 4 4 4 47 48 48 48 48 48 48 48 48 48 48 48 48 48 48 48 48 44 4 4 4 0 0 0 0 0 0 0 0 0 0 0 0 0 0 0 0 0 0 0 0 0 0 
4 4 4 4 4 4 4 47 48 48 63 64 65 66 48 44 4 4 4 4 4 4 4 4 4 4 4 47 48 25 26 26 27 26 27 26 27 26 27 26 27 26 26 27 22 4 4 4 0 0 0 0 0 0 0 0 0 0 0 0 0 0 0 0 0 0 0 0 0 0 
4 4 4 4 4 4 4 47 48 48 25 26 27 26 27 22 4 4 4 4 4 4 4 4 4 4 4 47 48 44 42 42 4 4 4 4 4 4 4 4 4 4 4 4 4 4 4 4 4 0 0 0 0 0 0 0 0 0 0 0 0 0 0 0 4 4 4 4 4 4 
4 4 4 4 4 4 4 47 48 48 44 4 4 4 4 4 4 4 4 4 4 4 4 4 4 4 4 47 48 44 4 4 4 4 4 4 4 4 4 4 4 4 4 4 4 4 4 4 4 0 0 0 0 0 0 0 0 0 0 0 0 0 0 4 4 4 4 4 4 4 
4 4 4 4 4 4 4 47 48 48 44 4 4 4 4 4 4 4 4 4 4 4 4 4 4 4 4 47 48 44 4 4 4 4 4 4 4 4 4 4 4 4 4 4 4 4 4 4 4 4 0 0 0 0 0 0 0 0 0 0 0 0 4 4 4 4 4 4 4 4 
4 43 65 64 65 41 4 47 48 48 44 4 4 4 4 4 4 4 4 4 4 4 4 4 4 4 4 47 48 44 4 4 4 4 4 4 4 4 4 4 4 4 4 4 4 4 4 4 4 4 4 0 0 0 0 0 0 0 0 0 0 4 4 4 4 4 4 4 4 4 
4 47 48 48 48 44 4 47 48 48 44 4 4 4 4 4 4 4 4 4 4 4 4 4 4 4 4 47 48 44 4 4 4 4 4 4 4 4 4 4 4 4 4 4 4 4 4 4 4 4 4 4 4 4 0 0 0 0 4 4 4 4 4 4 4 4 4 4 4 4 
4 47 48 48 48 44 4 47 48 48 44 4 4 4 4 4 4 4 4 4 4 4 4 4 4 4 4 47 48 44 4 4 4 4 4 4 4 4 4 4 4 4 4 4 4 4 4 4 4 4 4 4 4 4 0 0 0 0 4 4 4 4 4 4 4 43 65 41 4 4 
4 47 48 48 48 44 4 47 48 48 44 4 4 4 4 4 4 4 4 4 4 4 4 4 4 4 4 47 48 44 4 4 4 4 4 4 4 4 4 4 4 4 4 4 4 4 4 4 4 4 4 4 4 4 0 0 0 0 4 4 4 4 4 4 4 47 48 44 4 4 
4 24 27 26 27 22 4 47 48 48 44 4 4 4 4 4 4 4 4 4 4 4 4 4 4 4 4 47 48 44 4 4 4 4 4 4 4 4 4 4 4 4 4 4 4 4 4 4 4 4 4 4 4 0 0 0 0 0 4 4 4 4 4 4 4 47 48 44 4 4 
4 4 4 4 4 4 4 47 48 48 44 4 4 4 4 4 4 4 43 65 41 4 4 43 65 64 65 66 48 63 64 65 65 41 4 4 4 4 4 4 4 4 4 4 4 4 43 64 41 4 4 4 4 0 0 0 0 0 4 4 4 4 4 4 4 47 48 44 4 4 
4 4 4 4 4 4 4 47 48 48 44 4 4 4 4 4 4 4 47 48 44 4 4 47 48 48 48 48 48 48 48 48 48 44 4 4 4 4 4 4 4 4 4 4 4 4 47 48 44 4 4 4 4 0 0 0 0 0 4 4 4 4 4 4 4 47 48 44 4 4 
4 4 4 4 4 4 4 47 48 48 63 64 65 64 65 64 65 64 66 48 63 64 65 66 48 48 48 48 48 48 48 48 48 63 64 65 64 64 65 64 65 64 65 64 65 64 66 48 63 64 64 64 64 103 123 123 123 98 64 65 64 65 64 65 64 66 48 44 4 4 
65 65 65 64 65 64 65 66 48 48 48 48 48 48 48 48 48 48 48 48 48 48 48 48 48 48 48 48 48 48 48 48 48 48 48 48 48 48 48 48 48 48 48 48 48 48 48 48 48 48 48 48 48 103 0 0 0 98 48 48 48 48 48 48 48 48 48 44 4 4 
26 26 26 26 27 26 27 28 48 48 48 48 48 48 48 48 48 48 48 48 48 48 48 48 48 48 48 48 48 48 48 48 48 48 48 48 48 48 48 48 48 48 48 48 48 48 48 48 48 48 48 48 48 103 0 0 0 98 48 48 48 48 48 48 48 48 48 44 4 4 
4 4 4 4 4 4 4 47 48 48 25 26 27 26 27 26 27 26 27 26 27 26 27 28 48 48 48 48 48 48 48 48 48 25 26 27 26 26 27 26 27 26 27 26 27 26 28 48 48 25 26 26 26 103 123 123 123 98 26 27 26 27 26 27 26 27 26 27 4 4 
4 4 4 4 4 4 4 47 48 48 44 4 4 4 4 4 4 4 4 4 4 4 4 47 48 48 48 48 48 48 48 48 48 44 4 4 4 4 4 4 4 4 4 4 4 4 47 48 48 44 4 4 4 0 0 0 0 0 4 4 4 4 4 4 4 4 4 4 4 4 
4 4 4 4 4 4 4 47 48 48 44 4 4 4 4 4 4 4 4 4 4 4 4 24 26 26 27 26 27 26 26 27 26 22 4 4 4 4 4 4 4 4 4 4 4 4 47 48 48 44 4 4 4 0 0 0 0 0 4 4 4 4 4 4 4 4 4 4 4 4 
4 4 4 4 4 4 4 47 48 48 44 4 4 4 4 4 4 4 4 4 4 4 4 4 4 4 4 4 4 4 4 4 4 4 4 4 4 4 4 4 4 4 4 4 4 4 47 48 48 44 4 4 4 0 0 0 0 0 4 4 4 4 4 4 4 4 4 4 4 4 
4 4 4 4 4 4 4 47 48 48 44 4 4 4 4 4 4 4 4 4 4 4 4 4 4 4 4 4 4 4 4 4 4 4 4 4 4 4 4 4 4 4 4 4 4 4 47 48 48 44 4 4 0 0 0 0 0 0 4 4 4 4 4 4 4 4 4 4 4 4 
4 4 4 4 4 4 4 47 48 48 44 4 4 4 4 4 4 4 4 4 4 4 4 4 4 4 4 4 4 4 4 4 4 4 4 4 4 4 4 4 4 4 4 4 4 4 47 48 48 44 4 0 0 0 0 0 0 4 4 4 4 4 4 4 4 4 4 4 4 4 
4 4 4 4 4 4 4 47 48 48 44 4 4 4 4 4 4 4 4 4 4 4 4 4 4 4 4 4 4 4 4 4 4 4 4 4 4 4 4 4 4 4 4 4 4 4 47 48 48 44 4 0 0 0 0 0 0 4 4 4 4 4 4 4 4 4 4 4 4 4 
4 4 4 4 4 4 4 47 48 48 44 4 4 4 4 4 4 4 4 4 4 4 4 4 4 4 4 4 4 4 4 4 4 4 4 4 4 4 4 4 4 4 4 4 4 4 47 48 48 44 4 0 0 0 0 0 0 4 4 4 4 4 4 4 4 4 4 4 4 4 
4 4 4 4 4 4 4 47 48 48 44 4 4 4 4 4 4 4 4 4 4 4 4 4 4 4 4 4 4 4 4 4 4 4 4 4 4 4 4 4 4 4 4 4 4 4 47 48 48 44 4 0 0 0 0 0 0 4 4 4 4 4 4 4 4 43 64 65 64 41 
4 4 4 4 4 4 4 47 48 48 44 4 4 4 4 4 4 4 4 4 4 4 4 4 4 4 4 4 4 4 4 4 4 4 4 4 4 4 4 4 4 4 4 4 4 4 47 48 48 44 4 0 0 0 0 0 0 4 4 4 4 4 4 4 4 47 48 48 48 44 
4 4 4 4 4 4 4 47 48 48 44 4 4 4 4 4 4 4 4 4 4 4 4 4 4 4 4 4 4 4 4 4 4 4 4 4 4 4 4 4 4 4 4 4 4 4 47 48 48 44 4 0 0 0 0 0 0 4 4 4 4 4 4 4 4 47 48 48 48 44 
4 4 4 4 4 4 4 47 48 48 44 4 4 4 4 4 4 4 4 4 4 4 4 4 4 4 4 4 4 4 4 4 4 4 43 48 41 4 4 4 4 43 48 41 4 4 47 48 48 44 4 0 0 0 0 0 0 4 4 4 4 4 4 4 4 47 48 48 48 44 
4 4 4 4 4 4 4 47 48 48 44 4 4 4 4 4 4 4 4 4 4 4 4 4 4 4 4 4 4 4 4 4 4 4 47 48 63 64 64 64 65 66 48 63 64 65 66 48 48 44 4 0 0 0 0 0 0 4 4 4 4 4 4 4 4 47 48 48 48 44 
4 4 4 4 4 4 4 47 48 48 44 4 4 4 4 4 4 4 4 4 4 4 4 4 4 4 4 4 4 4 4 4 4 4 47 48 48 48 48 48 48 48 48 48 48 48 48 48 48 44 4 0 0 0 0 0 0 4 4 4 4 4 4 4 4 47 48 48 48 44 
4 4 4 4 4 4 4 47 48 48 44 4 4 4 4 4 4 4 4 4 4 4 4 4 4 4 4 4 4 4 4 4 4 4 24 26 27 26 27 27 27 27 27 27 27 27 28 48 48 44 4 0 0 0 0 0 0 4 4 4 4 4 4 4 4 47 48 48 48 44 
65 65 64 64 64 64 64 66 48 48 44 4 4 4 4 4 4 4 4 4 4 4 4 4 4 4 4 4 4 4 4 4 4 4 4 4 4 4 4 4 4 4 4 4 4 4 47 48 48 44 4 4 0 0 0 0 0 4 4 4 4 4 4 4 4 24 26 27 26 22 
26 26 26 26 26 27 27 28 48 48 44 4 4 4 4 4 4 4 4 4 4 4 4 4 4 4 4 4 4 4 4 4 4 4 4 4 4 4 4 4 4 4 4 4 4 4 47 48 48 44 4 4 0 0 0 0 0 4 4 4 4 4 4 4 4 4 4 4 4 4 
4 4 4 4 4 4 4 47 48 48 44 4 4 4 4 4 4 4 4 4 4 4 4 4 4 4 4 4 4 4 4 4 4 4 4 4 4 4 156 4 4 4 4 4 156 4 47 48 48 44 4 4 0 0 0 0 0 4 4 4 4 4 4 4 4 4 4 4 4 4 
118 39 99 4 4 4 4 47 48 48 44 4 4 4 4 4 4 4 4 4 4 4 4 4 4 4 4 4 4 4 4 4 4 4 4 4 4 4 4 4 4 4 4 4 4 4 47 48 48 44 4 4 0 0 0 0 0 4 4 4 4 4 4 4 4 4 4 4 4 4 
123 117 39 99 4 4 4 47 48 48 44 4 4 4 4 4 4 4 4 4 4 4 4 4 4 4 4 4 4 4 4 4 4 4 4 4 4 4 4 4 4 4 4 4 4 4 47 48 48 44 4 4 0 0 0 0 0 0 4 4 4 4 4 4 4 4 4 4 4 4 
123 123 98 99 4 4 4 47 48 48 44 4 4 4 43 64 41 4 4 4 4 4 4 4 4 4 4 43 64 41 4 4 4 4 4 4 4 4 4 4 43 65 41 4 4 4 47 48 48 44 4 4 0 0 0 0 0 0 4 4 4 4 4 4 4 43 64 41 4 4 
123 123 98 99 4 4 4 47 48 48 63 64 64 65 66 48 63 65 64 65 64 65 64 65 64 65 64 66 48 63 64 64 65 64 65 64 65 64 65 64 66 48 63 64 65 64 66 48 48 63 64 65 65 103 123 123 123 123 98 64 65 64 65 64 65 66 48 60 4 4 
123 123 98 99 4 4 4 47 48 48 48 48 48 48 48 48 48 48 48 48 48 48 48 48 48 48 48 48 48 48 48 48 48 48 48 48 48 48 48 48 48 48 48 48 48 48 48 48 48 48 48 48 48 103 0 0 0 0 98 48 48 48 48 48 48 48 48 60 4 4 
123 123 117 39 4 4 4 47 48 48 48 48 48 48 48 48 48 48 48 48 48 48 48 48 48 48 48 48 48 48 48 48 48 48 48 48 48 48 48 48 48 48 48 48 48 48 48 48 48 48 48 48 48 103 0 0 0 0 98 48 48 48 48 48 48 48 48 60 4 4 
123 123 123 123 39 99 4 24 26 27 26 27 26 27 26 27 26 27 26 27 26 27 26 27 26 27 26 27 26 26 27 26 27 26 27 26 27 26 27 26 27 26 27 26 27 26 27 26 27 26 26 26 26 103 123 123 123 123 98 26 26 26 26 26 26 26 27 22 4 4 
123 123 123 123 98 99 4 4 4 4 4 4 4 4 4 4 4 4 4 4 4 4 4 4 4 4 4 4 4 4 4 4 4 4 4 4 4 4 4 4 4 4 4 4 4 4 4 4 4 4 4 4 102 0 0 0 0 0 98 4 4 4 4 4 4 4 4 4 4 4 
123 123 123 123 98 99 4 4 4 4 4 4 4 4 4 4 4 4 4 4 4 4 4 4 4 4 4 4 4 4 4 4 4 4 4 4 4 4 4 4 4 4 4 4 4 4 4 4 4 4 4 4 102 0 0 0 0 0 98 4 4 4 4 4 4 4 4 4 4 4 
123 123 123 123 98 99 4 4 36 36 36 36 36 36 36 36 36 36 36 36 36 36 36 36 36 36 36 36 36 36 36 36 36 36 36 36 36 36 36 36 36 36 36 36 36 36 36 36 36 36 4 4 102 0 0 0 0 0 98 4 4 4 4 4 4 4 4 40 118 118 
123 123 123 123 98 99 4 4 73 74 74 74 74 74 74 74 74 74 74 74 74 74 74 74 74 74 74 74 74 74 74 74 74 74 74 74 74 74 74 74 74 74 74 74 74 74 74 74 74 75 99 4 102 0 0 0 0 0 98 4 4 4 4 4 4 102 40 122 123 123 
123 123 123 123 117 118 39 99 92 93 93 93 93 93 93 93 93 93 93 93 93 93 93 93 93 93 93 93 93 93 93 93 93 93 93 93 93 93 93 93 93 93 93 93 93 93 93 93 93 94 99 102 40 0 0 0 0 0 98 4 4 4 4 4 4 40 122 123 123 123 
123 123 123 123 123 123 98 99 111 112 112 112 112 112 112 112 112 112 112 112 112 112 112 112 112 112 112 112 112 112 112 112 112 112 112 112 112 112 112 112 112 112 112 112 112 112 112 112 112 113 99 102 103 0 0 0 0 0 98 4 4 4 4 40 120 122 123 123 123 123 
123 123 123 123 123 123 117 118 130 131 131 131 131 131 131 131 131 131 131 131 131 131 131 131 131 131 131 131 131 131 131 131 131 131 131 131 131 131 131 131 131 131 131 131 131 131 131 131 131 132 119 121 122 123 123 123 123 123 117 118 119 120 121 122 123 123 123 123 123 123 
123 123 123 123 123 123 123 123 123 123 123 123 123 123 123 123 123 123 123 123 123 123 123 123 123 123 123 123 123 123 123 123 123 123 123 123 123 123 123 123 123 123 123 123 123 123 123 123 123 123 123 123 123 123 123 123 123 123 123 123 123 123 123 123 123 123 123 123 123 123 
123 123 123 123 123 123 123 123 123 123 123 123 123 123 123 123 123 123 123 123 123 123 123 123 123 123 123 123 123 123 123 123 123 123 123 123 123 123 123 123 123 123 123 123 123 123 123 123 123 123 123 123 123 123 123 123 123 123 123 123 123 123 123 123 123 123 123 123 123 123 
123 123 123 123 123 123 123 123 123 123 123 123 123 123 123 123 123 123 123 123 123 123 123 123 123 123 123 123 123 123 123 123 123 123 123 123 123 123 123 123 123 123 123 123 123 123 123 123 123 123 123 123 123 123 123 123 123 123 123 123 123 123 123 123 123 123 123 123 123 123 
123 123 123 123 123 123 123 123 123 123 123 123 123 123 123 123 123 123 123 123 123 123 123 123 123 123 123 123 123 123 123 123 123 123 123 123 123 123 123 123 123 123 123 123 123 123 123 123 123 123 123 123 123 123 123 123 123 123 123 123 123 123 123 123 123 123 123 123 123 123 
123 123 123 123 123 123 123 123 123 123 123 123 123 123 123 123 123 123 123 123 123 123 123 123 123 123 123 123 123 123 123 123 123 123 123 123 123 123 123 123 123 123 123 123 123 123 123 123 123 123 123 123 123 123 123 123 123 123 123 123 123 123 123 123 123 123 123 123 123 123 
123 123 123 123 123 123 123 123 123 123 123 123 123 123 123 123 123 123 123 123 123 123 123 123 123 123 123 123 123 123 123 123 123 123 123 123 123 123 123 123 123 123 123 123 123 123 123 123 123 123 123 123 123 123 123 123 123 123 123 123 123 123 123 123 123 123 123 123 123 123 
123 123 123 123 123 123 123 123 123 123 123 123 123 123 123 123 123 123 123 123 123 123 123 123 123 123 123 123 123 123 123 123 123 123 123 123 123 123 123 123 123 123 123 123 123 123 123 123 123 123 123 123 123 123 123 123 123 123 123 123 123 123 123 123 123 123 123 123 123 123 
123 123 123 123 123 123 123 123 123 123 123 123 123 123 123 123 123 123 123 123 123 123 123 123 123 123 123 123 123 123 123 123 123 123 123 123 123 123 123 123 123 123 123 123 123 123 123 123 123 123 123 123 123 123 123 123 123 123 123 123 123 123 123 123 123 123 123 123 123 123 
123 123 123 123 123 123 123 123 123 123 123 123 123 123 123 123 123 123 123 123 123 123 123 123 123 123 123 123 123 123 123 123 123 123 123 123 123 123 123 123 123 123 123 123 123 123 123 123 123 123 123 123 123 123 123 123 123 123 123 123 123 123 123 123 123 123 123 123 123 123 
123 123 123 123 123 123 123 123 123 123 123 123 123 123 123 123 123 123 123 123 123 123 123 123 123 123 123 123 123 123 123 123 123 123 123 123 123 123 123 123 123 123 123 123 123 123 123 123 123 123 123 123 123 123 123 123 123 123 123 123 123 123 123 123 123 123 123 123 123 123 
